88252368624,
567439069103,
284663345919,
792834631533,
611785100460,
25599873850,
568544165830,
366425145665,
193901942138,
526074966475,
7106340377,
516324873603,
783100336000,
641235545148,
27600086122,
812853740111,
670894844642,
849737407468,
231033808812,
776312396673,
137850569875,
61383313979,
804127112667,
182716823290,
64209136614,
639939935387,
817677168592,
930710466996,
466054960154,
6614853897,
967542717695,
763103636786,
34374623032,
278684376225,
20521851915,
690184137768,
256636578555,
346245972002,
108291032398,
216216980130,
933476054622,
934911581022,
14917024372,
158338077062,
880807193406,
688317183015,
424473331352,
369577573020,
805866705979,
817532792115,
24066921113,
426558105256,
240503586074,
757992277460,
162033896933,
785698964553,
248865319810,
228046205150,
157480163495,
858136497098,
753016256431,
953827497478,
152395985650,
882166183100,
794234058533,
629585582059,
1507498168,
935208851114,
534047170587,
23649742896,
809768653921,
701465239836,
728395769943,
624922204820,
532611737847,
89415288962,
11791399878,
646217019696,
668276305522,
509039814856,
577904614972,
53103210162,
982925954196,
341690494356,
443883789489,
877283817972,
62665214488,
219541904263,
274746495389,
205652108337,
549838231975,
343910933772,
553658102442,
617127834136,
918990722295,
990667636880,
220883344211,
950972522653,
178263971269,
